39,5
39,4
39,3
39,2
39,1
39,0
0,469
0,468
0,467
0,466
38,3
38,2
0,465
38,1
38,0
0,464
0,463
0,462
37,3
37,2
0,461
37,1
37,0
0,460
36,3
36,2
36,1
36,0
0,459
0,458
0,457
0,456
0,455
0,454
0,453
0,452
0,451
0,450
0,449
0,448
0,447
0,446
0,445
0,444
0,443
0,442
0,441
0,440
0,439
0,438
0,437
0,436
0,435
0,434
0,433
0,432
0,431
0,430
0,429
0,428
0,427
0,426
35,4
35,3
35,2
0,425
35,1
35,0
0,424
0,423
0,422
0,421
0,420
0,419
0,418
34,4
34,3
34,2
0,417
34,1
34,0
0,416
0,415
0,414
0,413
0,412
0,411
0,410
0,409
0,408
0,407
0,406
0,405
0,404
0,403
0,402
0,401
0,400
0,399
0,398
33,4
33,3
33,2
33,1
33,0
0,278
0,397
32,4
32,3
32,2
32,1
32,0
0,396
0,395
0,394
0,393
31,5
31,4
31,3
31,2
31,1
31,0
0,392
0,391
0,390
0,389
0,273
0,270
30,4
30,3
30,2
30,1
30,0
0,388
0,387
0,386
0,385
0,384
29,3
29,2
29,1
29,0
0,319
0,318
0,317
0,316
28,3
28,2
0,283
28,1
28,0
27,3
